$ANSIBLE_VAULT;1.2;AES256;vault
37363331383561363638323230343638666265376663656439353230376166326563653862373463
3139663231636262653638626334626266316437653963380a336237303132386138613966393163
36313162613561326639376130316539353566313361383262623931316466386566383836643563
3833623237636135340a666634636164313161373337613766303630323234626134393535346638
30333133633533613334656262313065643165353463363138386137393936323461396137303362
36663732623332376330393166326565643631333130323235656530373765323032663665616537
32323661666464376431303438643163363465613439376465653730333537363334653362653038
38343431366263363131313265326563633138356131313761653535396530666566646237663039
66373639316135303463376565383634303433333465323131303831333737346163656630616166
36376132633564336361313865396531633139386231666563353138336334383766336263356638
32623766663834363433646666333532316239616336623438356266346566346234346237663166
38316539373731383234363332633633636135663630666165306536346566633364343637393563
65643631306461306138316335316533326434336462663165643030626338346431336364613565
37623365323534643530396461353464366530393462343839356364623863623264623431623035
65666536353835646132646336663339623565653832666331396138653765306362323561356163
39303333613035646530333634393534346535343336643936323335343931623564333666643931
61373933623261363935646237663163373031616165613133366132333262373633333335643434
61313637363335643566356631306539613835373038306436303061383033343762366430613364
39336339376232366332303934313933396437666663626432353466643436343034373538376435
61313937656361343735626262383262653462346265383362636134613430613638613737313065
63636264366233333461656430313236373032653431316238313931333730363535333739313436
64623362366235633732616365386565363261663866643364393731646164333736326266336236
65343839336439306434613934356534353630656637666239653136656331396135663262346333
65323365653030643639643531623938343266366531633939396164353434376535333065323034
37346131393963396230333833653966376532613161386437636564613438666162383964316334
30373334643065306134333339323632303837323630333830396134633133616264656161613837
63346361343465326330303166663961616363656631306432663865313665393161383536643830
61383965303434666635633038396236366364643763313134353065663166386138393335646361
63346361363536366664313838646336633234336366303534323665663063306539616334333130
33336462313062613263373065663264636334376565626365356561353037393262333835653764
38336330323963323336653062326136633835656638336365326335656630656233363437383866
39373064306332356264303666633935353839623030323937396436396334303866653738626361
31636330653765633438363032376531666136663261623966313161383231323434626331346533
66613461333638383731616232353538333366313864303639613338366262346234313163313137
33666333343338356130326133376430313262343931313230633331313466613563636435313638
35623635373230636134396266356636346165333432333061336263623636643232373138333231
37356266353266613235393730396135393761373862343066303130353934303632303235363132
63636639363764633465313666373561353333633364366236613030303561646634663238313462
61643139613765653765656536313665303134373039373236633532303733373438383966343835
38313962616263636564366635396230366439303736616366643634363262363834393930373833
35616562636561636562333130383436656537653765323461633737383337393564313730366430
35636430636236613161326132616532323037393338313931386235373034626135646137303430
35643737303239653366633334326663666465373636356636343733316337653335363966353335
33306239303530633834353133336162353263636231356134653431396137333165313832643862
65383030663762653664613038643638666437653664626363646430323630646631616661323533
39643364333462356465346438393364333366316233313863353331663064343039323733306365
33303162303838653430653537393632613332613732623431616238343032313634366331376133
36316266383232363330633330666138623837393565373331653335633333303231323239616130
62396536393534393933373162323564613934306237623065373238306165326264326231313565
35353734626465626632653933616137643130633132626166393337653062303763636163383936
33613937383061633430313437333438633261356135353830306164663437316636323431623832
32363162643061623037393264356434346231613536313665653335633063646332613439663039
36663736346639623862623865613962333032303634666238313331326364363363636232333237
62323861626663653761353364363933613663613734356630663138356465376335663338383463
37393565363161303139386330316438373634333964613732366238356137666635396162663065
65383433323136643834656263646439356635353563343362633533343433303837393062653263
39636435303936363764343736616431656461383737383131666537383632626561623030386130
63636366383733653164306463353466653038353530363166336465393837323134386263336461
35303264343565636334353231343265343638623433343362386130373033373264333337323633
62636231306263376563633231346434656262666534653939393136653462343137353134643038
66396534643531626262343539626135333437666533373963366363653430323663633632616465
62346639323338383465376437323034376137313334613164386565643036633864383038336261
61393562663436396635393333333338313838613332343464393766623133316566623634666466
36643233313633303338653966656331633935616565613732323364393236656337623232316663
32303163313666626337636463393035633638623337626365363166393738316135666133353462
35306262666564363264356233363532633030366237336130633262376462666433373337303862
63363065373762363062303932643630663735613638626632343362393936663161646536626534
37373034616566376530366135343230326136356464323535623031386364346339616536376231
37383335386435653666306162323732326137303637383535643733363062313736643430366231
39663565386538653639376365313332303031363435313862306631393661613935396230326430
39396431623164326162356639313336346136613663376133306133613939666438376137643230
33646264653433613562363966653130353262386438643530366265393561356437623935373261
63663466373330326563656464393030306336663538323066323563643632663631303536356366
65383731303531613461643131623130393864313030666630326434393637613861613636346437
35336233343133616233343530366435646235653563346130643234396334393334346162626561
31616230336662343435353031396335656466633435346137346263313362646663646461616264
34666465393234316237653462636639366562653965376166306461393731346163663837396333
32386330656461326234616561303362666334313033663232323633633965303538633064333633
63633532626437636462656134363362653739383263383262653830626139393137326466656261
39613031633036386534383336646236333262333565363735303432386236333466366263356537
39656361333133363665386531306535616232623162386532376437346336373433306137633733
66386635393039623863646661613332363936633838646433303662666431373038366663623063
34613732313430633965613263613836373763383536663337626264373262653066353464393135
65333036333965373661636632343132393535303264653164666262396163616130633937383864
31363861393866646265376362356531386665613634323938656234626531373135613336623362
33333732323064313333333639386137366333616361373232313464396561346636363230333836
36313761616666643631653261656530326637653438303934356333336536666166363038613761
30633463613131343733616238383239346136346439386361666436306534313635356563356436
37336561326538633736386430613566346333326136636163646565393238333965326639663934
34383634326138623637616665353234613435386239613537636665643432363061653630376332
39303334643664653132333533373630303464386562346334353333346630646639303639303235
65323631376635333534356164316464656533653838313366623164323663393261343964303663
34393731303063613130303663336562656261646663623764326463343533383463323763373135
36356362353039633430353430356635306365376362636431383262663331396234643237326637
61616638623436373932356463613063616236313363356331326561663961613230396635393361
63386638376664373331316431383532303831363036633030333866343537636465313266636562
35613864346237333730313931303036306163666364623233626663393031653738393739346239
66396564323034663461333965353530396337373337653164363231333338356661393265643834
37616337616330313730353931656266393264396237313730653765363362393565663461383734
63663532646334643461373564306334313036663764343762313532366465623538313338383932
36363336616164643033666662316438373335316262663962323238306530393161663262366531
33323335393365356633646130626461323361346662313162373162333965313363313838653664
32326466663866386463623939636530363337393339373231666631633239366530303963633263
66376262363533383938643261613231343934646661643937636465343333316361333863643635
31663065636431356134303634623730666131393733386263333765663937633137633835333736
31653139653736383566666239376434626337346536313836366234303963326333666431353964
35393365333466383133356464646662316233653263386161643164306232396333353138393333
61313762386230393736363036303862306531663162633361333135656366303262396534643766
37346334623339313338626232386236316333613839316665343163383730343938653837353731
30613831316333346261343434383665623239386234353638643738303965623831363335313862
36356636353331363634313631623735613631353661663635393064646132376434343236343062
37333739346330616661646632313338636435313332396462386638333661663264313465303336
61303565333137633931303437336261326461636233616366356535316430393364343538636331
65626331393335653233353861643630663463323062343036663162623766656435353064373535
35336264316239343837613662303032373337346665393836366334306531656261653633636532
65623338323663656537646537396464343563333734666265343530366437303737633761643861
38363863336461373038623534643434306635363466336237656463663361393639386139306462
61666639616337373131303630313630656563666637366336303232306664663763303635316366
32306463333237306361653162313663666165383135313164653937633332396130373961633462
36633234326636323039396163633137376430313934353938336535393139316565376534386437
61326333373132333764396264356662653731316164633734666162623930646266313062353061
38313835333465636363333631333030323437633231336530323961333737323237373034653739
65326538633631663562333432306465393939326363666163356262386333366634613663663437
65656230363735373837306636316636346163343761346562613432383033303535383339643032
39643238656664383331393437363362393338326362396162613563303139333732376435373235
33373434303433323765343864376161643036316561303365363439663032386462626265653138
36376534303061333932353736323031386435666666643834323335636635343739343166616364
39393866303065396338626433303836323733353531633035376636656533326338663764316635
34663237633036656536363166303035656333363931363463306462663132376361376436333837
65653138623261356364376263366362613130623662613430613666386236636461383466613532
39336633386635386439353934663238366336653337383936386564306164396239643333643738
39636130333830643234663030336236323838633531336632303631383461363564363162323262
36353861363431653739613431366235666136613666643863363132353531303430376563626637
62356635653139316366666437386333326565303132393734383833323734343938633238363735
61656437653765333637316231366335656138393763616136366262393763393432323837303234
64366463656563613061383938373866373935383637643161636334616133643534383466393861
32323264313264323534326164353733316435643539653234303962333231396162333335343364
37623839346134376161633631633931343865643033326431646530306531666631323331313061
33353536613963613135613933346533353264323164656463316232383533353065386432373037
33396437663530623037643531336639646665663363313839303563633965323161666432366436
62326136386637333835633233636435376335633966396430396331363532313234373436396133
35353765643036633230656662616130646631386239323336366239336434386338373665323134
31336262636636656435373465316534656365646131313335333065393261326238613135323037
32376437613135346265343038336633326363626438336362316132306439393031383661646131
64306466636562643065343965333263393164326262633039633238353637383664313833313533
38306166613231666437623333633066623663386637353265393466323864636666653335636363
34633937313262333362393264383735623732663565303030393363663166326266306533623263
32306630323032663637353733656132303936363737626137343635383634393430656536613238
65633136373039386437636239633730643039663564376461303562383762633964346662346633
38373739653339326165353166393934643430333635303263336630313462313061613937613939
64346461376664303331353965366232383230396665353833333335326630393664373533393136
39343430643837303363363136343664383838306133366535656537353561313964393636333839
33396238356639356337343530373865353832643661643437656464393766363437333130616431
30373139623130396262626137383363656433373664373265326639626466663031326436313937
31633437396566376464366563383936646663336239393437386666316130386364616433366435
30373738656265393538383163376335616666663766363664663238623930383666356366623266
65646363326239633631316236313136353362353362636138613739336363323362383963653532
64663832343163643061376335303066343062336230353662353131333331353239653639393937
65343461666531636164353363373965666663356265303733323139666438303061313035323336
39366232383738396531626364366237366262393866343365396534646534636536353933333130
33656436306161323637383233643838316365626465616133656266396530343730653732346538
31633065326137613631303766393939353930656139353666333731376138353039396466366561
66656666666661663034303163366333383638653266333662656663383032666164323937653262
62366265363666313034383462306261376536656636343363373931373636363865623264643463
65336464373332373430643034396433616230636363333935356333373236346265646331343564
39346361643938336363643233643239663736316664333766363366386430336161326266643738
37656361326630313832626265653166383761336261663663386336663861623465306339663639
35316430613266366232636235353031386239333436616462353761356634633935373562643461
66333662313635663833646262626438316430373931646464353134383061633937363838633336
38313038303763343639326531653164646638653935313132363537393464643465316139613266
32643463656338306335666337303730326166313834636535343765363939653539663061366638
34306536623237376435623063353961386534613961653731643062653636346535353066366464
39316337393366653662343263613761633737373638303033343965376233313533333532306430
32653139623339663262313232333962666338323165316235626438343338623564663262336233
35376161656234616632363562363136363766613366313732383838306330353062656135393331
64373936326366373563633731366238306336363130313066333962333463306462333133663438
66616230393734313732623361343938653235623064623661363963623466326263346566663431
34343530396431346331343431633030653134666639333166653566343132366361353632373762
61306333633466303239643761346231363432616261366434653539396362376264306433643131
66636463343236373634376165623136306261393934646362343834386138376135663439643730
35313966663264313733633761623937663963666635646537306462306639353032613961303034
61303434333430366365663130643138363833633466656231373030303262376166653638303231
36336362316431633036656663323064666639653437663464666335633837653531366537383362
37666134396430333161656461373739366539386638373064646430313637306534346635653935
65326633656166383562346130626533333662393562306230363536353363393539383332353930
33646237393261343761653833393237353664323661353633353639373266386131343965353131
64616431353564646538393933366330396462666361663232336132663038356239373263336632
33333233343766666336386437343266363361643334623036396531386234306634616664643763
64383761363635643730663766363938366564626432366531393130336638313837666464613734
66346433636632306565306338653337336466666430633633666537373133636564343865326265
62303466396437633261316231373433633030653038313064306263313932313066666564333039
37623230373436306233643061313637633961366234666361633361626463393039656265633365
35326166626231613738396634616362626466633837626538626365396230613734343634326265
38616166333134633333333738623035643361643938353863323663616335613466363138656663
39626530613539396437623836386266323633333634356539373861353535323265633461333533
36363762366135353937346664633261636330353135636635393232656537323735643837386566
31626532653061663165366530636231373737626265616130343261313438303337323036376131
38353235653630633433633763663962663066653266363937616363316366306566613766353535
65303962336666626232306364666233643233383163316262633362376562303437633730316536
32393437363662636335323539373561303234313038633164653433633733303334363338623365
32346562613962306264363836616233316330663335626462336262643634366461613439303661
61376637646563336631393537393563353433363464636135386263396237353363623430626265
62656564303538613738393631643866323331346634313433323236663838613133656332623564
35363735656330633463366165663739303933623039663733623731663166616664656439366535
38616330643961393234626233656266643135356231363564333963643766616164396436363462
35366638666136653765326335353366636137623333313562396566613733316333323839323963
33323530313035386532353663303263356538316262646464646231303066376634333364376332
33313539626238613536396430636265323163306365666335313864383864396162633235336662
32613439336261313931356135623031316264616361623661653738663965646635373866343633
32643134393836656162326439306238616532363831646465623634373139643964313739336166
34626637666430383737363566653561396434336363653936333963326639616639343931626434
64333435643436616233383536663061333466653537326232616432373166333762383763376665
32366435313064633039333230663565336238353737616565323231346433643438316330616532
61643230646636306565646265376237306436623934613631393661666133303862316432613937
61366666643737653637626363373163353661376133356431303032386531326430623631653434
32393736623666656164646433666631303332303830343938633332386531663436633262333936
38346561626337656631383733616338343965353635613561326165333263343835366464613761
62363531323636633362303664373233383861653831633266663263666136663535313736613238
35376132383134323538343063336536616139663335363831633434376336633538376634633734
32396337383637303630636664633730333436346237373431303865323039303162353539666461
33306533333132663033343030646666636335646632353139343236636634366161616233393661
33613138323037393363336464313439373239303263656264346230313230393164623233376232
37333766326530333130643336353763343865666531636639386265383135383163336663656635
31616334373531353431343366386462623733616630313933633934336438326661623332393239
37303733383938653535633039343962363234343730666437376433366364306536306633363336
31623531383437623833303161343265313739616662616662313764616437393838303066643665
66643132643966336364623332663733623861653666376263383636613336393032623139373831
39646565623431396539353361323239623562396364383365396636303766366437623038626263
62636466376235333535383632336562613537346139303432306138303566303362653439316638
37356530393565316530393861623962343662633963396465656637626163663436623061633061
61356261643632323762626439633132303532376335333861636534376139643465376361646662
37643065346562326566626166376438333736363131613635663434363135656432313735636139
62633535363033636134323133323538666331653861643736626434343261623961656630356565
65353136363136323537363733326536663738373064353161396130646130333230383061386530
34616439623439383939333362386564663736383835373430353033643637633238613732333235
37306435633837313931633662366334386130613366346232393334336634626330343565306437
66386135646134323832636231323437363031303338656430356433396163306361663464643432
30373064656336636535633630653834383562626562663862633330396633366435386233616638
65313136653730663934393764663938646265633838396238373032306632363634386439383736
31666538663966303935663265333836373332356636396331653032656464376436623466376432
61646231303136666165303061376363646637643039646664366431666231653131336533666235
35343536663234336133353062616335333336303864663036623138656436643232396539393331
62343738323162386361313831393030636561663336613431356237616438633562613238373634
62623162663361306431346563313262356261336530316262633939323764656162383231613437
64386362386563343465616539316561316138646234663235393235643961373630316363306336
35623462313934363532396161326463613434643838336262383639313239666463616539346633
61366235373838396461383435373864363133373638343737636631643264666437656535613134
66653132626632663532363564363535316361666430623361333733623332623364333930623031
63613036643333356563663866376435363966366565653563633265313962316363343661373962
63636662626134396363363963373530646332323661613537383362646537613561323531303865
346336313133656365613963353236613837
